1334,4
1334,3
1334,2
1334,1
1334,0
1333,5
1333,4
1333,3
1333,2
1333,1
1333,0
1332,4
1332,3
1332,2
1332,1
1332,0
1331,3
1331,2
1331,1
1331,0
1330,4
1330,3
1330,2
1330,1
1330,0
1329,5
1329,4
1329,3
1329,2
1329,1
1329,0
1328,4
1328,3
1328,2
1328,1
1328,0
1327,4
1327,3
1327,2
1327,1
1327,0
1326,5
1326,4
1326,3
1326,2
1326,1
1326,0
1325,4
1325,3
1325,2
1325,1
1325,0
1324,3
1324,2
1324,1
1324,0
1323,3
1323,2
1323,1
1323,0
1322,3
1322,2
1322,1
1322,0
1321,3
1321,2
1321,1
1321,0
1320,3
1320,2
1320,1
1320,0
1319,4
1319,3
1319,2
1319,1
1319,0
1318,4
1318,3
1318,2
1318,1
1318,0
1317,3
1317,2
1317,1
1317,0
1316,4
1316,3
1316,2
1316,1
1316,0
1315,3
1315,2
1315,1
1315,0
1314,3
1314,2
1314,1
1314,0
1313,4
1313,3
1313,2
1313,1
1313,0
1312,5
1312,4
1312,3
1312,2
1312,1
1312,0
1311,4
1311,3
1311,2
1311,1
1311,0
1310,3
1310,2
1310,1
1310,0
1309,3
1309,2
1309,1
1309,0
1308,3
1308,2
1308,1
1308,0
1307,3
1307,2
1307,1
1307,0
1306,4
1306,3
1306,2
1306,1
1306,0
1305,5
1305,4
1305,3
1305,2
1305,1
1305,0
1304,4
1304,3
1304,2
1304,1
1304,0
1303,3
1303,2
1303,1
1303,0
1302,4
1302,3
1302,2
1302,1
1302,0
1301,5
1301,4
1301,3
1301,2
1301,1
1301,0
1300,4
1300,3
1300,2
1300,1
1300,0
1299,4
1299,3
1299,2
1299,1
1299,0
1298,5
1298,4
1298,3
1298,2
1298,1
1298,0
1297,4
1297,3
1297,2
1297,1
1297,0
1296,3
1296,2
1296,1
1296,0
1295,3
1295,2
1295,1
1295,0
1294,3
1294,2
1294,1
1294,0
1293,3
1293,2
1293,1
1293,0
1292,3
1292,2
1292,1
1292,0
1291,4
1291,3
1291,2
1291,1
1291,0
1290,4
1290,3
1290,2
1290,1
1290,0
1289,3
1289,2
1289,1
1289,0
1288,4
1288,3
1288,2
1288,1
1288,0
1287,3
1287,2
1287,1
1287,0
1286,3
1286,2
1286,1
1286,0
1285,4
1285,3
1285,2
1285,1
1285,0
1284,5
1284,4
1284,3
1284,2
1284,1
1284,0
1283,4
1283,3
1283,2
1283,1
1283,0
1282,3
1282,2
1282,1
1282,0
1281,3
1281,2
1281,1
1281,0
1280,3
1280,2
1280,1
1280,0
1279,3
1279,2
1279,1
1279,0
1278,4
1278,3
1278,2
1278,1
1278,0
1277,5
1277,4
1277,3
1277,2
1277,1
1277,0
1276,4
1276,3
1276,2
1276,1
1276,0
1275,3
1275,2
1275,1
1275,0
1274,4
1274,3
1274,2
1274,1
1274,0
1273,5
1273,4
1273,3
1273,2
1273,1
1273,0
1272,4
1272,3
1272,2
1272,1
1272,0
1271,4
1271,3
1271,2
1271,1
1271,0
1270,5
1270,4
1270,3
1270,2
1270,1
1270,0
1269,4
1269,3
1269,2
1269,1
1269,0
1268,3
1268,2
1268,1
1268,0
1267,3
1267,2
1267,1
1267,0
1266,3
1266,2
1266,1
1266,0
1265,3
1265,2
1265,1
1265,0
1264,3
1264,2
1264,1
1264,0
1263,4
1263,3
1263,2
1263,1
1263,0
1262,4
1262,3
1262,2
1262,1
1262,0
1261,3
1261,2
1261,1
1261,0
1260,4
1260,3
1260,2
1260,1
1260,0
1259,3
1259,2
1259,1
1259,0
1258,3
1258,2
1258,1
1258,0
1257,4
1257,3
1257,2
1257,1
1257,0
1256,5
1256,4
1256,3
1256,2
1256,1
1256,0
1255,4
1255,3
1255,2
1255,1
1255,0
1254,3
1254,2
1254,1
1254,0
1253,3
1253,2
1253,1
1253,0
1252,3
1252,2
1252,1
1252,0
1251,3
1251,2
1251,1
1251,0
1250,4
1250,3
1250,2
1250,1
1250,0
1249,5
1249,4
1249,3
1249,2
1249,1
1249,0
1248,4
1248,3
1248,2
1248,1
1248,0
1247,3
1247,2
1247,1
1247,0
1246,4
1246,3
1246,2
1246,1
1246,0
1245,5
1245,4
1245,3
1245,2
1245,1
1245,0
1244,4
1244,3
1244,2
1244,1
1244,0
1243,4
1243,3
1243,2
1243,1
1243,0
1242,5
1242,4
1242,3
1242,2
1242,1
1242,0
1241,4
1241,3
1241,2
1241,1
1241,0
1240,3
1240,2
1240,1
1240,0
1239,3
1239,2
1239,1
1239,0
1238,3
1238,2
1238,1
1238,0
1237,3
1237,2
1237,1
1237,0
1236,3
1236,2
1236,1
1236,0
1235,4
1235,3
1235,2
1235,1
1235,0
1234,4
1234,3
1234,2
1234,1
1234,0
1233,3
1233,2
1233,1
1233,0
1232,4
1232,3
1232,2
1232,1
1232,0
1231,3
1231,2
1231,1
1231,0
1230,3
1230,2
1230,1
1230,0
1229,4
1229,3
1229,2
1229,1
1229,0
1228,5
1228,4
1228,3
1228,2
1228,1
1228,0
1227,4
1227,3
1227,2
1227,1
1227,0
1226,3
1226,2
1226,1
1226,0
1225,3
1225,2
1225,1
1225,0
1224,3
1224,2
1224,1
1224,0
1223,3
1223,2
1223,1
1223,0
1222,4
1222,3
1222,2
1222,1
1222,0
1221,5
1221,4
1221,3
1221,2
1221,1
1221,0
1220,4
1220,3
1220,2
1220,1
1220,0
1219,3
1219,2
1219,1
1219,0
1218,4
1218,3
1218,2
1218,1
1218,0
1217,5
1217,4
1217,3
1217,2
1217,1
1217,0
1216,4
1216,3
1216,2
1216,1
1216,0
1215,4
1215,3
1215,2
1215,1
1215,0
1214,5
1214,4
1214,3
1214,2
1214,1
1214,0
1213,4
1213,3
1213,2
1213,1
1213,0
1212,3
1212,2
1212,1
1212,0
1211,3
1211,2
1211,1
1211,0
1210,3
1210,2
1210,1
1210,0
1209,3
1209,2
1209,1
1209,0
1208,3
1208,2
1208,1
1208,0
1207,4
1207,3
1207,2
1207,1
1207,0
1206,4
1206,3
1206,2
1206,1
1206,0
1205,3
1205,2
1205,1
1205,0
1204,4
1204,3
1204,2
1204,1
1204,0
1203,3
1203,2
1203,1
1203,0
1202,3
1202,2
1202,1
1202,0
1201,4
1201,3
1201,2
1201,1
1201,0
1200,5
1200,4
1200,3
1200,2
1200,1
1200,0
1199,4
1199,3
1199,2
1199,1
1199,0
1198,3
1198,2
1198,1
1198,0
1197,3
1197,2
1197,1
1197,0
1196,3
1196,2
1196,1
1196,0
1195,3
1195,2
1195,1
1195,0
1194,4
1194,3
1194,2
1194,1
1194,0
1193,5
1193,4
1193,3
1193,2
1193,1
1193,0
1192,4
1192,3
1192,2
1192,1
1192,0
1191,3
1191,2
1191,1
1191,0
1190,4
1190,3
1190,2
1190,1
1190,0
1189,5
1189,4
1189,3
1189,2
1189,1
1189,0
1188,4
1188,3
1188,2
1188,1
1188,0
1187,4
1187,3
1187,2
1187,1
1187,0
1186,5
1186,4
1186,3
1186,2
1186,1
1186,0
1185,4
1185,3
1185,2
1185,1
1185,0
1184,3
1184,2
1184,1
1184,0
1183,3
1183,2
1183,1
1183,0
1182,3
1182,2
1182,1
1182,0
1181,3
1181,2
1181,1
1181,0
1180,3
1180,2
1180,1
1180,0
1179,4
1179,3
1179,2
1179,1
1179,0
1178,4
1178,3
1178,2
1178,1
1178,0
1177,3
1177,2
1177,1
1177,0
1176,4
1176,3
1176,2
1176,1
1176,0
1175,3
1175,2
1175,1
1175,0
1174,3
1174,2
1174,1
1174,0
1173,4
1173,3
1173,2
